  3
  .68424682 0 192 255 3
    .49108886 -.98339844 -1.69018556 .88745116 1.18127440 -1.08776856 1.91040036
    .14428710 1.08288572 -.42187500 1.70837400 .07434080 -.44543460 -.11218264
    .24493408 .72692868 -.98242188 1.85021972 -.32934572 .42407224 -.84655764
  .46672363 160 0 255 3
    .16143798 -.53308108 1.44580076 1.16650388 -.76513672 -1.04443360 -.80737308
    -.80151368 -.52441408 -1.91210940 -1.37231448 -.77026368 -1.28369144 1.84497068
    .87225340 1.23974608 -1.68322756 -.10363772 .93908688 1.00732420 1.15649412
  .77491455 0 0 255 3
    -.95727540 -.74133304 -.87597660 .71228024 .77038572 -1.19555668 .70727536
    .09356688 -1.21435548 1.93005368 -1.05517580 -1.09362796 .99560544 -.88085940
    .03601074 .40563964 1.16064452 -1.54211428 -.27905276 .30920408 -1.37487796

4.0 1.75 0.35 2.0 1.0 16 8192 4096 625000000
