  3
0.6952006637977836 128 0 255 3
-0.7076410945984842 1.4796436346375443 0.3353882988502261 0.7253188757826612 -0.16303029770152533 1.325456680259273 -0.46801724108148113
0.5990926313403585 0.8441302239045904 -0.9770130670732907 -0.13000347445068627 0.6315115460155548 -0.2055916070885184 0.019757594985193968
-1.1907195605289108 1.1452596311995245 -0.6783861349647119 1.4384288669615286 -1.1993320886615486 0.8240926428170077 1.2236931265233675
0.1972067415225335 255 0 255 3
-0.6176246916992848 -0.9599811114069573 0.20205174160710218 0.34815253219692743 1.130379179601096 0.8467802476348344 -0.6676018449038315
0.16501661691012115 -0.9472811403007443 -0.1562502213787621 -0.29934167358602926 -0.9159600481737251 -0.3990550542695284 -0.6084371572623768
1.6837161495087494 -0.8657932233741417 0.7909156014615347 0.9827465694966774 -2.4060628906405297 0.9858063493473558 0.5597274620481305
0.9473930000155753 255 0 96 3
-0.0709213336336578 0.27427672053682406 -1.0449897096581073 0.01163236733925603 0.8856476683190816 0.3397216915762229 -1.1472617257871833
-0.263989125846915 -0.3991789224911848 -2.5729662731072587 0.7083825500934798 0.2796197474687333 -1.273101631391954 -1.0638768946872355
-0.15077295093762105 0.4986564233882796 -0.21949882412919786 -1.9033378778808243 -0.23272652595725568 0.12832960313982503 -0.13147874491603695

4.0 0.0 0.0 3.0 2.0 16 8192 4096 625000000

