  3
  .75204467 255 32 0 3
    .63024902 1.23706052 1.97851560 1.28771972 1.53271484 -.98657228 -.52832032
    -.14343262 .46728512 -.70751956 -1.84960940 -.21850588 -1.39819336 -.88415528
    .45343016 -1.47143556 1.14355468 -.36389164 -.78149416 -1.23852540 -.68017580
  .55682373 255 192 0 3
    -.34570314 .51599120 -1.30554200 1.02001952 -.63134768 -.29541016 -.81408692
    .00457762 -.65905764 -1.30224612 -.79870608 -.88366700 -.72753908 1.48352048
    -.25537110 -1.17858888 1.89001464 1.31738280 -.32763672 1.41870116 -1.37719728
  .03787231 255 128 0 3
    .80780028 .44055172 1.73559568 .28747556 -1.08593752 .59533688 .17285156
    .30133056 -1.26159668 -1.14501956 1.75878904 1.22753904 -.64147952 .43701168
    -.04650880 1.52453612 -1.40502932 1.90405272 -.44519044 1.55261228 1.86730956

4.0 0.0 -0.75 -2.5 1.25 16 8192 4096 625000000
